chr rsid pos allele_A allele_B P_value beta se Q P_heterogeneity I2 P_cohort_1 P_cohort_2 
1 rs16969968 1076669980 A G 0.00714436 -0.10277 0.0382041 0.295688 0.586598 0 0.027185 0.10333 
1 rs518425 1076670868 A G 0.0160227 -0.0961689 0.0399306 1.48976 0.222253 32.8752 0.012406 0.30759 
2 rs514743 2076671282 A T 0.699835 -0.0144097 0.037375 0.241848 0.622875 0 0.91281 0.53872 
3 rs615470 3076673043 C T 0.70626 -0.0140766 0.03735 0.249565 0.617382 0 0.90384 0.53936 
4 rs7163480 4076674226 C T 0.383997 -0.27883 0.32029 3.00382e-32 -1 -1 -1 0.38401 
6 rs12899226 6076674493 G T 0.370387 0.0740679 0.0826882 1.58898 0.207471 37.0667 0.69283 0.13467 
6 rs660652 6076674887 A G 0.706683 0.0140558 0.0373512 0.248347 0.618241 0 0.90419 0.53975 
6 rs472054 6076675049 A G 0.706683 0.0140558 0.0373512 0.248347 0.618241 0 0.90419 0.53975 
15 rs8029939 15076675404 C T 0.965368 -0.027428 0.63172 0 -1 -1 0.96537 -1 
15 rs578776 15076675455 A G 0.0264891 0.0888381 0.0400358 1.88953 0.169255 47.0768 0.013069 0.42217 
15 rs6495307 15076677376 C T 0.44256 -0.0281853 0.0367055 1.12395 0.289069 11.0284 0.77301 0.20165 
15 rs12910984 15076678682 A G 0.03184 -0.0925825 0.0431336 4.17054 0.0411327 76.0223 0.0032279 0.74694 
15 rs1051730 15076681394 A G 0.00830501 -0.101678 0.0385229 0.301317 0.583058 0 0.030083 0.1074 
